const SVGComponent = (props) => (
  <svg
    xmlns="http://www.w3.org/2000/svg"
    xmlnsXlink="http://www.w3.org/1999/xlink"
    width={1080}
    zoomAndPan="magnify"
    viewBox="0 0 810 809.999993"
    height={1080}
    preserveAspectRatio="xMidYMid meet"
    {...props}
  >
    <defs>
      <clipPath id="aa1edbca99">
        <path
          d="M 35.023438 105 L 773 105 L 773 704.855469 L 35.023438 704.855469 Z M 35.023438 105 "
          clipRule="nonzero"
        />
      </clipPath>
      <clipPath id="c3b6b6e9df">
        <path
          d="M 0.0234375 1 L 737.800781 1 L 737.800781 599.855469 L 0.0234375 599.855469 Z M 0.0234375 1 "
          clipRule="nonzero"
        />
      </clipPath>
      <clipPath id="2e04a6ad0b">
        <rect x={0} width={738} y={0} height={600} />
      </clipPath>
    </defs>
    <rect
      x={-81}
      width={972}
      fill="#ffffff"
      y={-80.999999}
      height={971.999992}
      fillOpacity={1}
    />
    <rect
      x={-81}
      width={972}
      fill="#ffffff"
      y={-80.999999}
      height={971.999992}
      fillOpacity={1}
    />
    <g clipPath="url(#aa1edbca99)">
      <g transform="matrix(1, 0, 0, 1, 35, 105)">
        <g clipPath="url(#2e04a6ad0b)">
          <g clipPath="url(#c3b6b6e9df)">
            <path
              fill="#767676"
              d="M 0.171875 408.523438 C 0.144531 409.273438 0.191406 410.015625 0.3125 410.75 C 0.433594 411.488281 0.628906 412.207031 0.898438 412.902344 C 1.164062 413.601562 1.5 414.265625 1.898438 414.898438 C 2.300781 415.527344 2.761719 416.113281 3.277344 416.652344 C 3.796875 417.1875 4.363281 417.667969 4.980469 418.09375 C 5.597656 418.515625 6.246094 418.875 6.9375 419.167969 C 7.625 419.460938 8.332031 419.679688 9.066406 419.828125 C 9.796875 419.976562 10.539062 420.054688 11.285156 420.054688 C 12.035156 420.054688 12.773438 419.976562 13.503906 419.828125 C 14.238281 419.679688 14.949219 419.460938 15.636719 419.167969 C 16.324219 418.875 16.976562 418.515625 17.589844 418.09375 C 18.207031 417.667969 18.773438 417.1875 19.292969 416.652344 C 19.8125 416.113281 20.269531 415.527344 20.671875 414.898438 C 21.074219 414.265625 21.40625 413.601562 21.675781 412.902344 C 21.941406 412.207031 22.136719 411.488281 22.257812 410.75 C 22.382812 410.015625 22.429688 409.273438 22.402344 408.523438 C 22.402344 358.25 32.507812 312.726562 52.40625 273.207031 C 60.472656 257.285156 70.058594 242.34375 81.171875 228.375 C 92.28125 214.410156 104.6875 201.710938 118.390625 190.273438 C 130.816406 179.871094 144 170.546875 157.945312 162.296875 C 171.894531 154.046875 186.417969 146.984375 201.515625 141.105469 L 201.515625 195.953125 C 201.515625 196.648438 201.582031 197.339844 201.714844 198.023438 C 201.84375 198.703125 202.039062 199.371094 202.292969 200.015625 C 202.550781 200.664062 202.863281 201.28125 203.234375 201.871094 C 203.605469 202.457031 204.027344 203.007812 204.503906 203.515625 C 204.980469 204.023438 205.496094 204.484375 206.058594 204.894531 C 206.617188 205.308594 207.214844 205.660156 207.839844 205.960938 C 208.46875 206.261719 209.121094 206.5 209.792969 206.675781 C 210.464844 206.855469 211.148438 206.96875 211.84375 207.015625 L 241.816406 209.273438 C 243.789062 209.417969 245.753906 209.636719 247.707031 209.9375 C 249.664062 210.238281 251.601562 210.613281 253.527344 211.066406 C 255.453125 211.519531 257.355469 212.046875 259.238281 212.652344 C 261.121094 213.253906 262.976562 213.933594 264.804688 214.683594 C 266.636719 215.433594 268.433594 216.253906 270.195312 217.148438 C 271.960938 218.042969 273.6875 219.003906 275.375 220.035156 C 277.0625 221.0625 278.707031 222.160156 280.308594 223.320312 C 281.90625 224.480469 283.460938 225.703125 284.964844 226.984375 C 286.46875 228.269531 287.921875 229.609375 289.316406 231.007812 C 290.714844 232.40625 292.054688 233.859375 293.339844 235.363281 C 294.621094 236.867188 295.84375 238.417969 297.003906 240.019531 C 298.164062 241.621094 299.257812 243.265625 300.289062 244.957031 C 301.316406 246.644531 302.277344 248.371094 303.171875 250.132812 C 304.0625 251.898438 304.882812 253.695312 305.636719 255.523438 C 306.386719 257.355469 307.0625 259.210938 307.664062 261.09375 C 308.269531 262.976562 308.796875 264.878906 309.25 266.804688 L 312.832031 281.894531 C 313.378906 284.230469 314.09375 286.507812 314.980469 288.734375 C 315.871094 290.957031 316.917969 293.105469 318.128906 295.171875 C 319.339844 297.242188 320.695312 299.207031 322.199219 301.070312 C 323.707031 302.933594 325.34375 304.675781 327.109375 306.292969 C 328.875 307.910156 330.753906 309.386719 332.742188 310.722656 C 334.730469 312.0625 336.808594 313.242188 338.972656 314.265625 C 341.140625 315.289062 343.367188 316.144531 345.664062 316.835938 C 347.957031 317.523438 350.289062 318.039062 352.664062 318.378906 L 369.847656 320.898438 C 370.9375 321.050781 371.957031 321.410156 372.902344 321.972656 C 373.847656 322.539062 374.644531 323.269531 375.292969 324.160156 C 375.9375 325.042969 376.386719 326.015625 376.644531 327.082031 C 376.898438 328.144531 376.941406 329.214844 376.765625 330.296875 L 368.742188 381.132812 C 368.558594 382.316406 368.324219 383.488281 368.039062 384.648438 C 367.75 385.8125 367.414062 386.960938 367.027344 388.09375 C 366.636719 389.226562 366.199219 390.339844 365.710938 391.433594 C 365.222656 392.527344 364.6875 393.597656 364.105469 394.640625 C 363.523438 395.6875 362.894531 396.707031 362.222656 397.695312 C 361.546875 398.6875 360.832031 399.644531 360.074219 400.570312 C 359.316406 401.5 358.519531 402.390625 357.679688 403.246094 C 356.84375 404.101562 355.96875 404.917969 355.058594 405.695312 C 354.148438 406.472656 353.203125 407.210938 352.230469 407.902344 C 351.253906 408.597656 350.25 409.246094 349.214844 409.851562 C 348.183594 410.457031 347.125 411.015625 346.039062 411.527344 C 344.957031 412.035156 343.855469 412.496094 342.730469 412.910156 C 341.605469 413.324219 340.464844 413.683594 339.308594 413.996094 C 338.152344 414.308594 336.984375 414.566406 335.804688 414.773438 C 334.625 414.980469 333.441406 415.136719 332.246094 415.238281 C 331.054688 415.339844 329.859375 415.390625 328.660156 415.382812 L 309.734375 415.382812 C 308.46875 415.386719 307.199219 415.417969 305.933594 415.480469 C 304.667969 415.542969 303.402344 415.640625 302.140625 415.765625 C 300.878906 415.890625 299.621094 416.046875 298.367188 416.234375 C 297.113281 416.417969 295.863281 416.636719 294.621094 416.886719 C 293.375 417.132812 292.140625 417.414062 290.910156 417.722656 C 289.679688 418.03125 288.457031 418.367188 287.246094 418.738281 C 286.03125 419.105469 284.828125 419.503906 283.636719 419.933594 C 282.441406 420.359375 281.257812 420.816406 280.085938 421.300781 C 278.917969 421.789062 277.757812 422.300781 276.609375 422.84375 C 275.464844 423.386719 274.332031 423.957031 273.214844 424.554688 C 272.097656 425.152344 270.992188 425.777344 269.90625 426.429688 C 268.820312 427.082031 267.746094 427.761719 266.695312 428.464844 C 265.640625 429.171875 264.601562 429.898438 263.585938 430.65625 C 262.566406 431.410156 261.566406 432.191406 260.585938 432.996094 C 259.605469 433.800781 258.644531 434.628906 257.707031 435.480469 C 256.765625 436.332031 255.847656 437.203125 254.953125 438.101562 C 254.054688 438.996094 253.179688 439.914062 252.328125 440.855469 C 251.476562 441.792969 250.648438 442.753906 249.84375 443.734375 C 249.039062 444.714844 248.257812 445.710938 247.503906 446.730469 C 246.746094 447.75 246.015625 448.785156 245.3125 449.839844 C 244.605469 450.894531 243.929688 451.964844 243.277344 453.050781 C 242.625 454.136719 241.996094 455.242188 241.398438 456.359375 C 240.800781 457.476562 240.230469 458.609375 239.6875 459.753906 C 239.144531 460.898438 238.628906 462.058594 238.144531 463.230469 C 237.65625 464.402344 237.199219 465.582031 236.773438 466.777344 C 236.34375 467.96875 235.945312 469.175781 235.574219 470.386719 C 235.207031 471.601562 234.867188 472.820312 234.558594 474.050781 C 234.25 475.28125 233.96875 476.519531 233.722656 477.761719 C 233.472656 479.003906 233.253906 480.253906 233.066406 481.507812 C 232.878906 482.761719 232.722656 484.019531 232.597656 485.28125 C 232.472656 486.542969 232.375 487.808594 232.3125 489.074219 C 232.25 490.339844 232.214844 491.605469 232.214844 492.875 L 232.214844 523.855469 C 232.1875 524.601562 232.234375 525.34375 232.359375 526.078125 C 232.480469 526.816406 232.675781 527.535156 232.941406 528.234375 C 233.207031 528.929688 233.542969 529.59375 233.945312 530.226562 C 234.34375 530.855469 234.804688 531.441406 235.324219 531.980469 C 235.84375 532.515625 236.410156 532.996094 237.023438 533.421875 C 237.640625 533.84375 238.292969 534.203125 238.980469 534.496094 C 239.667969 534.789062 240.378906 535.007812 241.109375 535.15625 C 241.84375 535.304688 242.582031 535.382812 243.328125 535.382812 C 244.078125 535.382812 244.816406 535.304688 245.550781 535.15625 C 246.28125 535.007812 246.992188 534.789062 247.679688 534.496094 C 248.367188 534.203125 249.019531 533.84375 249.636719 533.421875 C 250.25 532.996094 250.816406 532.515625 251.335938 531.980469 C 251.855469 531.441406 252.316406 530.855469 252.714844 530.226562 C 253.117188 529.59375 253.453125 528.929688 253.71875 528.234375 C 253.984375 527.535156 254.179688 526.816406 254.300781 526.078125 C 254.425781 525.34375 254.472656 524.601562 254.445312 523.855469 L 254.445312 492.875 C 254.449219 491.066406 254.539062 489.261719 254.71875 487.460938 C 254.894531 485.65625 255.164062 483.871094 255.515625 482.09375 C 255.871094 480.320312 256.3125 478.566406 256.839844 476.835938 C 257.367188 475.105469 257.976562 473.402344 258.667969 471.730469 C 259.363281 470.058594 260.136719 468.425781 260.988281 466.832031 C 261.84375 465.234375 262.773438 463.683594 263.777344 462.179688 C 264.785156 460.675781 265.863281 459.222656 267.011719 457.824219 C 268.160156 456.425781 269.371094 455.085938 270.652344 453.808594 C 271.933594 452.527344 273.269531 451.3125 274.671875 450.164062 C 276.070312 449.015625 277.519531 447.941406 279.023438 446.933594 C 280.53125 445.929688 282.078125 445 283.675781 444.144531 C 285.269531 443.289062 286.90625 442.515625 288.578125 441.824219 C 290.25 441.128906 291.949219 440.519531 293.679688 439.992188 C 295.414062 439.46875 297.164062 439.027344 298.941406 438.671875 C 300.714844 438.316406 302.503906 438.050781 304.304688 437.871094 C 306.105469 437.691406 307.910156 437.601562 309.71875 437.601562 L 328.648438 437.601562 C 330.5 437.609375 332.351562 437.53125 334.199219 437.375 C 336.042969 437.21875 337.878906 436.980469 339.707031 436.65625 C 341.53125 436.335938 343.339844 435.9375 345.128906 435.453125 C 346.917969 434.972656 348.683594 434.414062 350.425781 433.773438 C 352.164062 433.136719 353.875 432.421875 355.550781 431.632812 C 357.226562 430.839844 358.867188 429.976562 360.464844 429.042969 C 362.066406 428.105469 363.621094 427.101562 365.132812 426.027344 C 366.640625 424.953125 368.101562 423.8125 369.511719 422.609375 C 370.921875 421.40625 372.273438 420.140625 373.570312 418.816406 C 374.867188 417.492188 376.101562 416.113281 377.277344 414.675781 C 378.449219 413.242188 379.558594 411.757812 380.601562 410.226562 C 381.644531 408.695312 382.613281 407.117188 383.515625 405.5 C 384.417969 403.878906 385.246094 402.222656 386.003906 400.53125 C 386.757812 398.835938 387.433594 397.113281 388.035156 395.359375 C 388.636719 393.605469 389.160156 391.832031 389.605469 390.03125 C 390.046875 388.230469 390.410156 386.414062 390.691406 384.582031 L 398.703125 333.703125 C 398.859375 332.710938 398.96875 331.714844 399.027344 330.710938 C 399.085938 329.710938 399.09375 328.707031 399.054688 327.703125 C 399.015625 326.699219 398.921875 325.699219 398.785156 324.707031 C 398.644531 323.710938 398.457031 322.726562 398.21875 321.75 C 397.980469 320.773438 397.699219 319.8125 397.363281 318.863281 C 397.03125 317.917969 396.65625 316.988281 396.230469 316.078125 C 395.804688 315.167969 395.335938 314.28125 394.824219 313.417969 C 394.3125 312.550781 393.757812 311.714844 393.164062 310.90625 C 392.570312 310.097656 391.933594 309.320312 391.261719 308.574219 C 390.589844 307.828125 389.882812 307.117188 389.140625 306.441406 C 388.398438 305.765625 387.625 305.125 386.816406 304.527344 C 386.011719 303.925781 385.179688 303.367188 384.316406 302.851562 C 383.457031 302.335938 382.570312 301.863281 381.664062 301.433594 C 380.757812 301.003906 379.828125 300.621094 378.882812 300.28125 C 377.9375 299.945312 376.976562 299.65625 376.003906 299.414062 C 375.027344 299.167969 374.042969 298.976562 373.050781 298.832031 L 355.847656 296.324219 C 354.574219 296.140625 353.320312 295.863281 352.085938 295.492188 C 350.851562 295.121094 349.652344 294.660156 348.488281 294.109375 C 347.324219 293.558594 346.207031 292.921875 345.136719 292.203125 C 344.070312 291.484375 343.058594 290.691406 342.109375 289.820312 C 341.160156 288.949219 340.28125 288.015625 339.46875 287.011719 C 338.660156 286.011719 337.929688 284.953125 337.28125 283.84375 C 336.628906 282.730469 336.0625 281.574219 335.585938 280.378906 C 335.109375 279.183594 334.722656 277.957031 334.429688 276.703125 L 330.84375 261.613281 C 330.257812 259.117188 329.574219 256.652344 328.792969 254.210938 C 328.011719 251.769531 327.132812 249.367188 326.160156 246.996094 C 325.1875 244.625 324.125 242.296875 322.964844 240.011719 C 321.808594 237.722656 320.5625 235.488281 319.230469 233.300781 C 317.894531 231.113281 316.476562 228.980469 314.972656 226.90625 C 313.46875 224.832031 311.886719 222.820312 310.222656 220.871094 C 308.5625 218.921875 306.824219 217.039062 305.011719 215.226562 C 303.199219 213.414062 301.320312 211.679688 299.371094 210.015625 C 297.421875 208.351562 295.410156 206.769531 293.332031 205.265625 C 291.257812 203.761719 289.128906 202.34375 286.941406 201.011719 C 284.753906 199.675781 282.515625 198.429688 280.230469 197.273438 C 277.945312 196.113281 275.617188 195.050781 273.246094 194.078125 C 270.875 193.105469 268.46875 192.226562 266.03125 191.445312 C 263.589844 190.664062 261.121094 189.980469 258.628906 189.394531 C 256.132812 188.804688 253.621094 188.320312 251.089844 187.933594 C 248.554688 187.542969 246.011719 187.257812 243.457031 187.074219 L 223.746094 185.597656 L 223.746094 125.585938 C 223.746094 125.164062 223.722656 124.738281 223.675781 124.316406 C 223.625 123.894531 223.554688 123.476562 223.457031 123.0625 C 223.363281 122.648438 223.242188 122.242188 223.101562 121.84375 C 222.957031 121.441406 222.792969 121.050781 222.605469 120.667969 C 222.417969 120.289062 222.207031 119.917969 221.976562 119.5625 C 221.746094 119.203125 221.5 118.863281 221.230469 118.535156 C 220.960938 118.203125 220.671875 117.890625 220.367188 117.597656 C 220.0625 117.300781 219.742188 117.023438 219.40625 116.765625 C 219.066406 116.503906 218.71875 116.265625 218.351562 116.046875 C 217.988281 115.828125 217.613281 115.632812 217.226562 115.457031 C 216.839844 115.28125 216.445312 115.125 216.039062 114.996094 C 215.636719 114.867188 215.226562 114.757812 214.808594 114.675781 C 214.390625 114.59375 213.972656 114.53125 213.546875 114.496094 C 213.125 114.460938 212.703125 114.449219 212.277344 114.464844 C 211.851562 114.476562 211.429688 114.515625 211.007812 114.578125 C 210.589844 114.636719 210.171875 114.722656 209.761719 114.832031 C 207.609375 115.421875 156.464844 129.4375 104.832031 172.628906 C 97.378906 178.804688 90.261719 185.34375 83.476562 192.246094 C 76.691406 199.152344 70.273438 206.378906 64.226562 213.9375 C 58.179688 221.496094 52.53125 229.339844 47.285156 237.476562 C 42.039062 245.609375 37.222656 253.988281 32.832031 262.617188 C 11.160156 305.441406 0.171875 354.519531 0.171875 408.523438 Z M 492.757812 124.421875 C 493.542969 122.671875 494.445312 120.988281 495.472656 119.367188 C 496.5 117.75 497.636719 116.214844 498.886719 114.761719 C 500.136719 113.308594 501.488281 111.953125 502.933594 110.695312 C 504.378906 109.4375 505.910156 108.292969 507.523438 107.257812 C 509.136719 106.222656 510.816406 105.3125 512.5625 104.519531 C 514.308594 103.730469 516.105469 103.070312 517.945312 102.539062 C 519.789062 102.011719 521.660156 101.617188 523.558594 101.359375 C 525.457031 101.101562 527.367188 100.980469 529.28125 101 C 531.199219 101.019531 533.105469 101.179688 535 101.476562 C 536.890625 101.773438 538.753906 102.203125 540.585938 102.769531 C 542.417969 103.335938 544.195312 104.035156 545.925781 104.859375 C 547.65625 105.6875 549.316406 106.632812 550.910156 107.699219 C 552.5 108.765625 554.007812 109.945312 555.429688 111.230469 C 556.851562 112.515625 558.171875 113.898438 559.390625 115.375 C 560.613281 116.855469 561.71875 118.414062 562.710938 120.050781 C 563.707031 121.691406 564.578125 123.394531 565.324219 125.160156 C 565.609375 125.832031 565.824219 126.523438 565.972656 127.238281 C 566.121094 127.953125 566.199219 128.675781 566.207031 129.40625 C 566.210938 130.132812 566.148438 130.859375 566.011719 131.574219 C 565.875 132.292969 565.667969 132.988281 565.394531 133.664062 C 565.121094 134.339844 564.78125 134.984375 564.382812 135.59375 C 563.980469 136.203125 563.523438 136.765625 563.011719 137.285156 C 562.5 137.804688 561.941406 138.269531 561.335938 138.679688 C 560.734375 139.089844 560.09375 139.4375 559.421875 139.71875 C 558.042969 140.3125 556.601562 140.605469 555.101562 140.605469 C 554 140.613281 552.921875 140.460938 551.871094 140.148438 C 550.816406 139.835938 549.828125 139.378906 548.910156 138.773438 C 547.992188 138.171875 547.179688 137.445312 546.476562 136.601562 C 545.769531 135.757812 545.203125 134.832031 544.773438 133.820312 C 544.445312 133.046875 544.066406 132.300781 543.632812 131.582031 C 543.195312 130.863281 542.710938 130.179688 542.175781 129.53125 C 541.644531 128.882812 541.066406 128.277344 540.441406 127.714844 C 539.820312 127.152344 539.160156 126.632812 538.464844 126.167969 C 537.765625 125.699219 537.039062 125.285156 536.28125 124.921875 C 535.523438 124.558594 534.742188 124.253906 533.941406 124.003906 C 533.140625 123.757812 532.324219 123.566406 531.492188 123.4375 C 530.664062 123.304688 529.828125 123.238281 528.988281 123.226562 C 528.148438 123.21875 527.3125 123.269531 526.480469 123.382812 C 525.648438 123.496094 524.832031 123.667969 524.023438 123.898438 C 523.214844 124.128906 522.429688 124.417969 521.664062 124.765625 C 520.898438 125.113281 520.164062 125.511719 519.457031 125.964844 C 518.75 126.417969 518.078125 126.917969 517.445312 127.46875 C 516.808594 128.019531 516.21875 128.613281 515.671875 129.25 C 515.121094 129.886719 514.625 130.558594 514.171875 131.265625 C 513.722656 131.976562 513.328125 132.714844 512.984375 133.480469 C 512.6875 134.144531 512.328125 134.777344 511.90625 135.371094 C 511.484375 135.96875 511.007812 136.515625 510.476562 137.019531 C 509.949219 137.519531 509.375 137.964844 508.757812 138.355469 C 508.140625 138.742188 507.492188 139.070312 506.808594 139.328125 C 506.128906 139.589844 505.425781 139.78125 504.707031 139.90625 C 503.988281 140.027344 503.265625 140.078125 502.535156 140.058594 C 501.804688 140.039062 501.085938 139.949219 500.371094 139.789062 C 499.660156 139.625 498.972656 139.398438 498.304688 139.101562 C 497.640625 138.800781 497.007812 138.441406 496.414062 138.019531 C 495.816406 137.601562 495.269531 137.125 494.765625 136.59375 C 494.265625 136.0625 493.820312 135.492188 493.429688 134.875 C 493.042969 134.257812 492.714844 133.605469 492.457031 132.925781 C 492.195312 132.242188 492.003906 131.542969 491.878906 130.824219 C 491.757812 130.105469 491.707031 129.378906 491.726562 128.652344 C 491.746094 127.921875 491.835938 127.199219 491.996094 126.488281 C 492.160156 125.777344 492.386719 125.089844 492.683594 124.421875 Z M 232.050781 282.53125 C 232.757812 280.957031 233.570312 279.445312 234.496094 277.992188 C 235.421875 276.535156 236.445312 275.15625 237.570312 273.851562 C 238.695312 272.546875 239.910156 271.328125 241.210938 270.199219 C 242.511719 269.070312 243.890625 268.039062 245.339844 267.109375 C 246.792969 266.183594 248.300781 265.363281 249.871094 264.652344 C 251.441406 263.941406 253.054688 263.351562 254.714844 262.875 C 256.371094 262.398438 258.050781 262.046875 259.757812 261.8125 C 261.464844 261.582031 263.183594 261.476562 264.90625 261.496094 C 266.628906 261.511719 268.339844 261.65625 270.042969 261.921875 C 271.746094 262.1875 273.421875 262.578125 275.066406 263.085938 C 276.714844 263.597656 278.3125 264.222656 279.867188 264.964844 C 281.425781 265.707031 282.917969 266.558594 284.347656 267.515625 C 285.78125 268.476562 287.136719 269.535156 288.414062 270.691406 C 289.691406 271.847656 290.878906 273.089844 291.976562 274.417969 C 293.074219 275.746094 294.070312 277.144531 294.964844 278.621094 C 295.859375 280.09375 296.640625 281.621094 297.3125 283.210938 C 297.628906 283.886719 297.875 284.589844 298.046875 285.316406 C 298.222656 286.042969 298.324219 286.777344 298.347656 287.523438 C 298.375 288.273438 298.324219 289.011719 298.203125 289.75 C 298.078125 290.488281 297.882812 291.203125 297.613281 291.902344 C 297.34375 292.597656 297.007812 293.261719 296.609375 293.890625 C 296.207031 294.523438 295.746094 295.105469 295.226562 295.644531 C 294.707031 296.179688 294.136719 296.660156 293.519531 297.082031 C 292.90625 297.503906 292.253906 297.859375 291.566406 298.152344 C 290.875 298.441406 290.167969 298.664062 289.433594 298.808594 C 288.703125 298.957031 287.960938 299.03125 287.214844 299.03125 C 286.46875 299.027344 285.726562 298.953125 284.996094 298.804688 C 284.265625 298.652344 283.554688 298.429688 282.867188 298.136719 C 282.179688 297.84375 281.527344 297.484375 280.914062 297.0625 C 280.296875 296.636719 279.730469 296.15625 279.214844 295.617188 C 278.695312 295.078125 278.238281 294.492188 277.835938 293.863281 C 277.4375 293.230469 277.105469 292.566406 276.839844 291.867188 C 276.332031 290.671875 275.664062 289.570312 274.835938 288.566406 C 274.003906 287.566406 273.050781 286.703125 271.96875 285.976562 C 270.890625 285.253906 269.726562 284.699219 268.484375 284.316406 C 267.242188 283.929688 265.96875 283.730469 264.667969 283.71875 C 263.367188 283.703125 262.09375 283.878906 260.84375 284.238281 C 259.59375 284.597656 258.417969 285.125 257.324219 285.828125 C 256.230469 286.53125 255.257812 287.375 254.40625 288.359375 C 253.558594 289.34375 252.867188 290.429688 252.335938 291.617188 C 252.039062 292.285156 251.675781 292.914062 251.253906 293.507812 C 250.832031 294.105469 250.355469 294.652344 249.824219 295.152344 C 249.292969 295.652344 248.71875 296.097656 248.101562 296.488281 C 247.484375 296.875 246.835938 297.199219 246.152344 297.457031 C 245.472656 297.71875 244.769531 297.910156 244.050781 298.03125 C 243.332031 298.152344 242.605469 298.203125 241.878906 298.183594 C 241.148438 298.160156 240.429688 298.070312 239.714844 297.90625 C 239.003906 297.746094 238.316406 297.515625 237.652344 297.214844 C 236.984375 296.917969 236.355469 296.558594 235.757812 296.132812 C 235.164062 295.710938 234.617188 295.234375 234.117188 294.707031 C 233.613281 294.175781 233.167969 293.601562 232.78125 292.984375 C 232.394531 292.363281 232.070312 291.714844 231.808594 291.03125 C 231.550781 290.351562 231.359375 289.648438 231.238281 288.929688 C 231.117188 288.210938 231.066406 287.488281 231.085938 286.757812 C 231.105469 286.027344 231.199219 285.308594 231.359375 284.597656 C 231.523438 283.886719 231.753906 283.195312 232.050781 282.53125 Z M 305.191406 77.894531 C 305.792969 78.304688 306.433594 78.652344 307.105469 78.9375 C 307.777344 79.21875 308.46875 79.4375 309.183594 79.582031 C 309.898438 79.730469 310.621094 79.808594 311.347656 79.8125 C 312.078125 79.820312 312.800781 79.753906 313.515625 79.617188 C 314.234375 79.480469 314.929688 79.273438 315.605469 79 C 316.28125 78.726562 316.925781 78.386719 317.535156 77.988281 C 318.144531 77.585938 318.707031 77.128906 319.226562 76.617188 C 319.746094 76.105469 320.210938 75.546875 320.621094 74.945312 C 321.996094 72.910156 323.429688 70.925781 324.929688 68.980469 C 326.429688 67.039062 327.992188 65.148438 329.613281 63.304688 C 331.230469 61.460938 332.910156 59.671875 334.644531 57.9375 C 336.378906 56.203125 338.164062 54.523438 340.003906 52.902344 C 341.847656 51.277344 343.738281 49.714844 345.679688 48.214844 C 347.617188 46.710938 349.605469 45.273438 351.636719 43.898438 C 353.667969 42.523438 355.742188 41.214844 357.855469 39.96875 C 359.972656 38.726562 362.125 37.550781 364.316406 36.445312 C 366.503906 35.339844 368.726562 34.300781 370.984375 33.335938 C 373.238281 32.371094 375.523438 31.480469 377.835938 30.660156 C 380.148438 29.839844 382.484375 29.09375 384.84375 28.425781 C 387.207031 27.753906 389.585938 27.15625 391.984375 26.636719 C 394.378906 26.117188 396.792969 25.675781 399.21875 25.308594 C 401.644531 24.941406 404.082031 24.652344 406.523438 24.441406 C 408.96875 24.230469 411.417969 24.097656 413.871094 24.042969 C 416.324219 23.988281 418.777344 24.007812 421.226562 24.109375 L 531.453125 28.34375 C 533.429688 28.425781 535.394531 28.65625 537.335938 29.035156 C 539.28125 29.414062 541.183594 29.933594 543.050781 30.597656 C 544.914062 31.265625 546.71875 32.066406 548.464844 33.003906 C 550.210938 33.941406 551.875 35.003906 553.457031 36.191406 C 555.042969 37.378906 556.527344 38.679688 557.917969 40.089844 C 559.304688 41.503906 560.578125 43.011719 561.738281 44.617188 C 562.902344 46.21875 563.933594 47.902344 564.84375 49.664062 C 565.75 51.421875 566.519531 53.242188 567.152344 55.117188 L 580.132812 94.0625 C 580.957031 96.554688 581.933594 98.984375 583.066406 101.355469 C 584.199219 103.722656 585.480469 106.007812 586.90625 108.210938 C 588.332031 110.414062 589.894531 112.519531 591.589844 114.523438 C 593.285156 116.527344 595.101562 118.414062 597.039062 120.183594 C 598.976562 121.957031 601.019531 123.597656 603.164062 125.105469 C 605.3125 126.617188 607.546875 127.984375 609.871094 129.207031 C 612.191406 130.429688 614.582031 131.5 617.042969 132.417969 C 619.5 133.335938 622.007812 134.09375 624.566406 134.6875 L 644.644531 139.4375 L 644.644531 139.808594 C 644.628906 144.601562 645.082031 149.347656 646 154.054688 C 646.914062 158.757812 648.277344 163.328125 650.089844 167.765625 C 651.898438 172.203125 654.121094 176.425781 656.757812 180.425781 C 659.394531 184.429688 662.390625 188.140625 665.753906 191.558594 C 668.3125 194.179688 671.050781 196.601562 673.972656 198.816406 C 676.894531 201.03125 679.960938 203.015625 683.179688 204.773438 C 686.398438 206.53125 689.726562 208.039062 693.171875 209.296875 C 696.613281 210.554688 700.132812 211.550781 703.722656 212.28125 L 701.140625 224.085938 C 700.722656 225.957031 700.230469 227.808594 699.65625 229.640625 C 699.082031 231.472656 698.433594 233.277344 697.707031 235.054688 C 696.984375 236.828125 696.183594 238.574219 695.3125 240.28125 C 694.441406 241.992188 693.5 243.660156 692.484375 245.292969 C 691.472656 246.921875 690.394531 248.507812 689.25 250.046875 C 688.101562 251.585938 686.894531 253.074219 685.621094 254.511719 C 684.351562 255.949219 683.023438 257.332031 681.632812 258.65625 C 680.246094 259.980469 678.804688 261.246094 677.3125 262.449219 C 675.816406 263.65625 674.273438 264.792969 672.683594 265.867188 C 671.09375 266.941406 669.460938 267.949219 667.789062 268.886719 C 666.113281 269.824219 664.402344 270.6875 662.65625 271.480469 C 660.90625 272.273438 659.128906 272.992188 657.320312 273.632812 C 655.511719 274.277344 653.679688 274.84375 651.824219 275.332031 C 649.96875 275.820312 648.097656 276.230469 646.207031 276.5625 C 644.316406 276.894531 642.414062 277.144531 640.503906 277.316406 C 638.59375 277.488281 636.679688 277.578125 634.757812 277.589844 L 526.628906 277.589844 C 522.40625 269.667969 517.21875 262.441406 511.066406 255.902344 L 510.875 255.710938 C 470.5 211.753906 450.039062 164.25 450.039062 114.375 C 450.011719 113.664062 449.917969 112.960938 449.757812 112.265625 C 449.597656 111.570312 449.371094 110.898438 449.078125 110.246094 C 448.789062 109.59375 448.4375 108.976562 448.027344 108.394531 C 447.617188 107.808594 447.15625 107.269531 446.644531 106.773438 C 446.128906 106.277344 445.574219 105.835938 444.976562 105.449219 C 444.378906 105.0625 443.746094 104.734375 443.085938 104.464844 C 442.425781 104.199219 441.742188 104 441.042969 103.863281 C 440.34375 103.726562 439.636719 103.65625 438.921875 103.65625 C 438.210938 103.65625 437.503906 103.726562 436.800781 103.863281 C 436.101562 104 435.421875 104.199219 434.761719 104.464844 C 434.097656 104.734375 433.46875 105.0625 432.871094 105.449219 C 432.273438 105.835938 431.714844 106.277344 431.203125 106.773438 C 430.6875 107.269531 430.226562 107.808594 429.816406 108.394531 C 429.40625 108.976562 429.058594 109.59375 428.765625 110.246094 C 428.476562 110.898438 428.25 111.570312 428.089844 112.265625 C 427.925781 112.960938 427.832031 113.664062 427.808594 114.375 C 427.808594 170.050781 450.332031 222.757812 494.765625 271.039062 C 494.867188 271.15625 494.972656 271.261719 495.089844 271.363281 C 501.074219 277.78125 505.847656 285 509.414062 293.019531 C 510.078125 294.511719 510.691406 296.023438 511.261719 297.558594 C 511.828125 299.089844 512.347656 300.636719 512.820312 302.199219 C 513.292969 303.765625 513.714844 305.339844 514.089844 306.933594 C 514.464844 308.523438 514.789062 310.121094 515.066406 311.734375 C 515.339844 313.34375 515.5625 314.960938 515.738281 316.585938 C 515.914062 318.210938 516.035156 319.839844 516.109375 321.46875 C 516.183594 323.101562 516.203125 324.734375 516.175781 326.367188 C 516.148438 328.003906 516.070312 329.632812 515.941406 331.261719 C 515.808594 332.890625 515.628906 334.511719 515.398438 336.128906 C 515.167969 337.746094 514.886719 339.355469 514.558594 340.957031 C 514.226562 342.558594 513.847656 344.144531 513.417969 345.722656 C 512.988281 347.296875 512.511719 348.859375 511.984375 350.40625 C 511.460938 351.953125 510.886719 353.480469 510.265625 354.992188 C 509.644531 356.503906 508.976562 357.992188 508.261719 359.464844 C 507.546875 360.933594 506.789062 362.378906 505.984375 363.800781 C 505.183594 365.222656 504.335938 366.621094 503.445312 367.988281 C 502.554688 369.359375 501.621094 370.699219 500.648438 372.011719 C 499.675781 373.324219 498.660156 374.605469 497.609375 375.851562 C 496.554688 377.101562 495.464844 378.316406 494.335938 379.5 C 493.207031 380.679688 492.042969 381.824219 490.839844 382.933594 C 489.640625 384.042969 488.410156 385.113281 487.140625 386.144531 C 485.875 387.175781 484.578125 388.167969 483.25 389.121094 C 481.921875 390.070312 480.566406 390.980469 479.179688 391.847656 C 477.796875 392.714844 476.386719 393.539062 474.949219 394.316406 C 473.515625 395.097656 472.054688 395.832031 470.574219 396.519531 C 469.09375 397.210938 467.59375 397.851562 466.070312 398.449219 C 464.550781 399.042969 463.011719 399.589844 461.457031 400.09375 C 459.902344 400.59375 458.332031 401.042969 456.75 401.445312 C 455.164062 401.847656 453.570312 402.203125 451.964844 402.503906 C 450.359375 402.808594 448.746094 403.0625 447.125 403.265625 C 445.503906 403.46875 443.878906 403.621094 442.25 403.722656 C 440.617188 403.824219 438.984375 403.878906 437.351562 403.878906 C 436.621094 403.878906 435.898438 403.949219 435.183594 404.09375 C 434.464844 404.234375 433.769531 404.445312 433.09375 404.726562 C 432.421875 405.003906 431.78125 405.347656 431.171875 405.753906 C 430.566406 406.160156 430.003906 406.621094 429.488281 407.136719 C 428.96875 407.652344 428.507812 408.214844 428.105469 408.820312 C 427.699219 409.429688 427.355469 410.070312 427.074219 410.746094 C 426.796875 411.417969 426.585938 412.113281 426.441406 412.832031 C 426.300781 413.546875 426.230469 414.269531 426.230469 415 C 426.230469 415.730469 426.300781 416.453125 426.441406 417.171875 C 426.585938 417.886719 426.796875 418.582031 427.074219 419.257812 C 427.355469 419.933594 427.699219 420.574219 428.105469 421.179688 C 428.507812 421.789062 428.96875 422.347656 429.488281 422.867188 C 430.003906 423.382812 430.566406 423.84375 431.171875 424.25 C 431.78125 424.65625 432.421875 424.996094 433.09375 425.277344 C 433.769531 425.554688 434.464844 425.765625 435.183594 425.910156 C 435.898438 426.050781 436.621094 426.125 437.351562 426.125 C 449.386719 426.132812 461.050781 424.054688 472.34375 419.882812 L 472.34375 490.074219 C 472.34375 513.410156 462.015625 551.027344 432.71875 580.265625 C 432.183594 580.777344 431.703125 581.335938 431.277344 581.941406 C 430.851562 582.550781 430.492188 583.195312 430.195312 583.875 C 429.898438 584.554688 429.671875 585.257812 429.515625 585.984375 C 429.359375 586.707031 429.277344 587.441406 429.269531 588.183594 C 429.257812 588.925781 429.324219 589.660156 429.460938 590.390625 C 429.601562 591.117188 429.808594 591.824219 430.089844 592.511719 C 430.367188 593.199219 430.714844 593.851562 431.125 594.46875 C 431.535156 595.089844 432 595.660156 432.527344 596.183594 C 433.050781 596.707031 433.621094 597.175781 434.238281 597.585938 C 434.855469 597.996094 435.507812 598.339844 436.195312 598.621094 C 436.882812 598.902344 437.589844 599.109375 438.320312 599.246094 C 439.050781 599.386719 439.785156 599.449219 440.527344 599.441406 C 441.269531 599.433594 442 599.347656 442.726562 599.195312 C 443.453125 599.039062 444.15625 598.8125 444.835938 598.515625 C 445.515625 598.21875 446.160156 597.859375 446.765625 597.433594 C 447.375 597.007812 447.933594 596.527344 448.445312 595.988281 C 492.359375 552.074219 494.574219 500.101562 494.574219 490.074219 L 494.574219 408.390625 C 496.695312 406.9375 498.757812 405.402344 500.757812 403.789062 C 502.761719 402.175781 504.703125 400.488281 506.574219 398.726562 C 508.449219 396.964844 510.253906 395.132812 511.988281 393.234375 C 513.722656 391.335938 515.382812 389.371094 516.96875 387.347656 C 518.554688 385.320312 520.058594 383.238281 521.484375 381.097656 C 522.910156 378.953125 524.25 376.761719 525.507812 374.519531 C 526.765625 372.277344 527.9375 369.988281 529.019531 367.65625 C 530.105469 365.320312 531.097656 362.949219 532 360.542969 C 532.902344 358.132812 533.710938 355.691406 534.425781 353.222656 C 535.140625 350.753906 535.761719 348.257812 536.289062 345.738281 C 536.8125 343.222656 537.242188 340.6875 537.574219 338.136719 C 537.90625 335.585938 538.140625 333.027344 538.273438 330.457031 C 538.410156 327.890625 538.449219 325.320312 538.390625 322.746094 C 538.328125 320.175781 538.171875 317.609375 537.914062 315.050781 C 537.660156 312.492188 537.304688 309.945312 536.855469 307.414062 C 536.402344 304.882812 535.855469 302.371094 535.214844 299.878906 L 634.714844 299.878906 C 637.261719 299.867188 639.804688 299.746094 642.34375 299.519531 C 644.878906 299.292969 647.402344 298.960938 649.914062 298.523438 C 652.421875 298.085938 654.910156 297.539062 657.371094 296.890625 C 659.835938 296.246094 662.269531 295.492188 664.667969 294.640625 C 667.070312 293.789062 669.429688 292.835938 671.75 291.785156 C 674.070312 290.730469 676.339844 289.585938 678.566406 288.339844 C 680.789062 287.097656 682.957031 285.761719 685.066406 284.335938 C 687.179688 282.910156 689.226562 281.398438 691.210938 279.800781 C 693.195312 278.203125 695.105469 276.527344 696.949219 274.765625 C 698.792969 273.007812 700.558594 271.171875 702.246094 269.265625 C 703.933594 267.359375 705.539062 265.382812 707.058594 263.339844 C 708.582031 261.296875 710.015625 259.191406 711.359375 257.03125 C 712.703125 254.867188 713.957031 252.648438 715.113281 250.378906 C 716.273438 248.109375 717.332031 245.796875 718.296875 243.4375 C 719.257812 241.082031 720.121094 238.6875 720.882812 236.253906 C 721.644531 233.824219 722.300781 231.363281 722.855469 228.878906 L 728.003906 205.277344 C 728.003906 205.1875 728.003906 205.085938 728.003906 204.996094 L 737.195312 163.085938 C 737.359375 162.316406 737.488281 161.542969 737.574219 160.757812 C 737.664062 159.976562 737.71875 159.195312 737.730469 158.40625 C 737.746094 157.621094 737.71875 156.835938 737.660156 156.050781 C 737.597656 155.265625 737.496094 154.488281 737.359375 153.710938 C 737.222656 152.9375 737.046875 152.171875 736.835938 151.414062 C 736.625 150.65625 736.378906 149.910156 736.09375 149.175781 C 735.808594 148.441406 735.492188 147.722656 735.140625 147.019531 C 734.785156 146.316406 734.398438 145.632812 733.980469 144.96875 C 733.5625 144.300781 733.113281 143.65625 732.628906 143.035156 C 732.148438 142.414062 731.640625 141.816406 731.101562 141.242188 C 730.5625 140.667969 729.996094 140.125 729.402344 139.605469 C 728.8125 139.085938 728.195312 138.597656 727.558594 138.136719 C 726.917969 137.679688 726.257812 137.253906 725.578125 136.855469 C 724.898438 136.460938 724.199219 136.101562 723.484375 135.773438 C 722.769531 135.445312 722.042969 135.152344 721.296875 134.894531 C 720.554688 134.636719 719.800781 134.417969 719.035156 134.230469 L 659.230469 120.054688 L 658.746094 119.9375 L 629.683594 113.046875 C 628.046875 112.667969 626.441406 112.179688 624.863281 111.59375 C 623.289062 111.003906 621.757812 110.320312 620.269531 109.535156 C 618.78125 108.75 617.351562 107.875 615.972656 106.90625 C 614.597656 105.941406 613.289062 104.886719 612.050781 103.753906 C 610.808594 102.617188 609.644531 101.40625 608.558594 100.125 C 607.472656 98.839844 606.476562 97.492188 605.5625 96.078125 C 604.648438 94.667969 603.828125 93.203125 603.105469 91.683594 C 602.378906 90.167969 601.753906 88.609375 601.226562 87.011719 L 588.230469 48.066406 C 587.738281 46.597656 587.191406 45.148438 586.585938 43.722656 C 585.984375 42.296875 585.328125 40.894531 584.617188 39.515625 C 583.910156 38.136719 583.148438 36.789062 582.339844 35.46875 C 581.527344 34.148438 580.667969 32.859375 579.761719 31.601562 C 578.855469 30.347656 577.898438 29.125 576.898438 27.941406 C 575.902344 26.757812 574.859375 25.613281 573.773438 24.507812 C 572.6875 23.402344 571.558594 22.339844 570.394531 21.320312 C 569.226562 20.300781 568.023438 19.324219 566.785156 18.394531 C 565.542969 17.464844 564.273438 16.582031 562.964844 15.75 C 561.660156 14.914062 560.324219 14.132812 558.957031 13.398438 C 557.59375 12.667969 556.203125 11.984375 554.785156 11.355469 C 553.371094 10.730469 551.929688 10.15625 550.472656 9.636719 C 549.011719 9.117188 547.535156 8.652344 546.039062 8.242188 C 544.546875 7.835938 543.035156 7.484375 541.515625 7.1875 C 539.996094 6.894531 538.464844 6.65625 536.925781 6.476562 C 535.386719 6.296875 533.84375 6.175781 532.292969 6.113281 L 422.070312 1.894531 C 419.148438 1.773438 416.226562 1.746094 413.304688 1.8125 C 410.382812 1.875 407.464844 2.035156 404.554688 2.285156 C 401.644531 2.535156 398.742188 2.878906 395.851562 3.316406 C 392.960938 3.75 390.089844 4.277344 387.230469 4.898438 C 384.375 5.515625 381.542969 6.222656 378.730469 7.023438 C 375.917969 7.824219 373.136719 8.710938 370.378906 9.6875 C 367.625 10.664062 364.90625 11.726562 362.21875 12.875 C 359.53125 14.023438 356.882812 15.257812 354.273438 16.578125 C 351.664062 17.894531 349.101562 19.296875 346.582031 20.777344 C 344.0625 22.257812 341.59375 23.820312 339.171875 25.457031 C 336.753906 27.097656 334.386719 28.8125 332.078125 30.601562 C 329.765625 32.390625 327.515625 34.25 325.320312 36.183594 C 323.128906 38.117188 321 40.117188 318.933594 42.183594 C 316.871094 44.253906 314.875 46.386719 312.945312 48.582031 C 311.015625 50.777344 309.15625 53.03125 307.371094 55.34375 C 305.585938 57.660156 303.875 60.027344 302.242188 62.449219 C 301.832031 63.054688 301.484375 63.691406 301.199219 64.363281 C 300.914062 65.035156 300.699219 65.730469 300.550781 66.445312 C 300.402344 67.160156 300.328125 67.882812 300.320312 68.613281 C 300.316406 69.34375 300.382812 70.066406 300.519531 70.785156 C 300.65625 71.5 300.863281 72.195312 301.136719 72.875 C 301.410156 73.550781 301.746094 74.195312 302.148438 74.804688 C 302.550781 75.414062 303.003906 75.980469 303.519531 76.5 C 304.03125 77.019531 304.585938 77.484375 305.191406 77.894531 Z M 667.125 144.765625 L 713.917969 155.859375 C 714.183594 155.925781 714.425781 156.039062 714.648438 156.199219 C 714.871094 156.359375 715.054688 156.558594 715.199219 156.789062 C 715.347656 157.023438 715.441406 157.273438 715.492188 157.542969 C 715.539062 157.8125 715.535156 158.082031 715.480469 158.351562 L 708.457031 190.613281 C 707.109375 190.335938 705.773438 190.003906 704.453125 189.617188 C 703.128906 189.234375 701.824219 188.796875 700.539062 188.308594 C 699.25 187.824219 697.984375 187.285156 696.738281 186.695312 C 695.492188 186.109375 694.273438 185.472656 693.078125 184.789062 C 691.882812 184.101562 690.71875 183.371094 689.582031 182.59375 C 688.445312 181.816406 687.339844 180.996094 686.269531 180.132812 C 685.199219 179.269531 684.160156 178.363281 683.160156 177.414062 C 682.160156 176.46875 681.199219 175.484375 680.277344 174.460938 C 679.355469 173.4375 678.476562 172.382812 677.636719 171.289062 C 676.800781 170.195312 676.007812 169.074219 675.257812 167.917969 C 674.507812 166.761719 673.804688 165.578125 673.148438 164.367188 C 672.496094 163.15625 671.886719 161.921875 671.332031 160.664062 C 670.773438 159.40625 670.265625 158.125 669.808594 156.828125 C 669.351562 155.527344 668.949219 154.210938 668.597656 152.878906 C 668.246094 151.550781 667.945312 150.207031 667.699219 148.851562 C 667.453125 147.496094 667.261719 146.132812 667.125 144.765625 Z M 667.125 144.765625 "
              fillOpacity={1}
              fillRule="nonzero"
            />
          </g>
        </g>
      </g>
    </g>
  </svg>
);
